-8.850000000000000089e-01 2.430000000000000160e+00
-8.840000000000000080e-01 2.431000000000000050e+00
-8.830000000000000071e-01 2.432000000000000384e+00
-8.820000000000000062e-01 2.433000000000000274e+00
-8.810000000000000053e-01 2.434000000000000163e+00
-8.800000000000000044e-01 2.435000000000000053e+00
-8.790000000000000036e-01 2.435999999999999943e+00
-8.780000000000000027e-01 2.437000000000000277e+00
-8.770000000000000018e-01 2.438000000000000167e+00
-8.760000000000000009e-01 2.439000000000000057e+00
-8.750000000000000000e-01 2.440000000000000391e+00
-8.739999999999999991e-01 2.441000000000000281e+00
-8.729999999999999982e-01 2.442000000000000171e+00
-8.719999999999999973e-01 2.443000000000000060e+00
-8.709999999999999964e-01 2.443999999999999950e+00
-8.699999999999999956e-01 2.445000000000000284e+00
-8.689999999999999947e-01 2.446000000000000174e+00
-8.679999999999999938e-01 2.447000000000000064e+00
-8.669999999999999929e-01 2.448000000000000398e+00
-8.659999999999999920e-01 2.449000000000000288e+00
-8.649999999999999911e-01 2.450000000000000178e+00
-8.639999999999999902e-01 2.451000000000000068e+00
-8.629999999999999893e-01 2.451999999999999957e+00
-8.619999999999999885e-01 2.453000000000000291e+00
-8.609999999999999876e-01 2.454000000000000181e+00
-8.599999999999999867e-01 2.455000000000000071e+00
-8.589999999999999858e-01 2.456000000000000405e+00
-8.579999999999999849e-01 2.457000000000000295e+00
-8.569999999999999840e-01 2.458000000000000185e+00
-8.559999999999999831e-01 2.459000000000000075e+00
-8.549999999999999822e-01 2.459999999999999964e+00
-8.539999999999999813e-01 2.461000000000000298e+00
-8.529999999999999805e-01 2.462000000000000188e+00
-8.519999999999999796e-01 2.463000000000000078e+00
-8.509999999999999787e-01 2.464000000000000412e+00
-8.499999999999999778e-01 2.465000000000000302e+00
-8.489999999999999769e-01 2.466000000000000192e+00
-8.479999999999999760e-01 2.467000000000000082e+00
-8.469999999999999751e-01 2.467999999999999972e+00
-8.459999999999999742e-01 2.469000000000000306e+00
-8.449999999999999734e-01 2.470000000000000195e+00
